         10001  15  1234  5678  A                                                                   
         10002  15  1234  5678  A                                                                   
         79999  15  1234  5678  A                                                                   
         10003  20  1234  5678  A                                                                   
         10004  25  1234  5678  A                                                                   
         10005  30  1234  5678  A                                                                   
         10006  40  1234  5678  A                                                                   
         10007  50  1234  5678  A                                                                   
         10004  25  1234  7777  A                                                                   
         10009  25  1234  1234  A                                                                   
         20001  25  1234  5678  C                                                                   
         20002  25  1234  5678  D                                                                   
         20006  15  1234  8888  A                                                                   
         20007  25  1111  9999  C                                                                   
         20008  25  2222  8888  D                                                                   
         20009  30  3333  7777  A                                                                   
         30000  40  4444  6666  C                                                                   
         30001  50  5555  5678  A                                                                   
         30003  25  5555  5555  C                                                                   
         30004  15  1234  5678  D                                                                   
         30005  25  1234  5678  A                                                                   
         30006  25  1234  5678  C                                                                   
         30009  30  1234  5678  A                                                                   
         40000  40  1000  2000  C                                                                   
         40001  30  2000  2000  D                                                                   
         40002  50  3000  3000  A                                                                   
         40003  15  1234  5678  D                                                                   
         40004  25  1234  2222  C                                                                   
         40005  50  1234  5678  C                                                                   
         40006  30  1234  5678  D                                                                   
         40007  20  1234  5678  A                                                                   
         40008  30  2000  5678  C                                                                   
         40009  40  1234  5678  A                                                                   
         50001  50  1234  5678  C                                                                   
         50003  30  1234  3678  C                                                                   
         50005  50  1230  5678  D                                                                   
         50006  15  1034  5678  A                                                                   
